,0,1,2,3,4,5,6,7,8
0,660.2626953125,434.72161865234375,604.04296875,478.8600158691406,435.0,328.0,-0.016325467159824098,0.17048157260562224,0.6503213014885287
1,678.7987670898438,370.23394775390625,615.36376953125,422.2044677734375,304.0,393.0,-0.053552770851537514,0.09548171553484698,1.1071044916916655
2,679.8695678710938,368.9306640625,614.0513916015625,421.77789306640625,304.0,388.0,-0.053983971709619036,0.09124106289227242,1.109899329089111
3,680.6813354492188,370.46697998046875,615.4388427734375,423.4093017578125,301.0,391.0,-0.05669236778379563,0.09368379852468049,1.1095231925153515
4,684.6290283203125,368.2619323730469,619.3571166992188,421.63116455078125,282.0,382.0,-0.07479477784172257,0.08656350982360465,1.1172963517555732
5,688.71728515625,368.1929931640625,623.4684448242188,422.04730224609375,266.0,383.0,-0.09005611999472729,0.08693113714005218,1.1157230754010588
6,693.162841796875,368.4175720214844,628.2117919921875,422.0105895996094,252.0,383.0,-0.10379493533392584,0.08673926966871459,1.1182147553545787
7,696.5841064453125,368.5591735839844,631.4317626953125,422.99664306640625,240.0,382.0,-0.11489094930106443,0.08584384085319668,1.1166382566083513
8,708.9878540039062,367.6165771484375,642.4359130859375,423.36309814453125,221.0,383.0,-0.1327629043801973,0.08628919070844494,1.113359754531495
9,713.2362060546875,367.8155212402344,645.3212890625,423.45062255859375,200.0,387.0,-0.1523962409698191,0.0898399338748841,1.1097450803130342
10,713.993896484375,366.35418701171875,647.03076171875,423.4648132324219,191.0,377.0,-0.1630531476672582,0.0825440458195406,1.1224777063951779
11,718.4939575195312,364.2529602050781,650.88671875,421.45135498046875,172.0,366.0,-0.1815667512590254,0.07217535019626548,1.1267556349850067
12,727.0933837890625,363.901611328125,659.1449584960938,421.489990234375,153.0,367.0,-0.19866451755212,0.07280887728498349,1.123338652334824
13,729.3427734375,363.08697509765625,661.5706176757812,421.59552001953125,143.0,366.0,-0.20863630006631845,0.07197666920160758,1.1222203194569118
14,731.6112060546875,363.254638671875,663.4473266601562,421.9355163574219,133.0,365.0,-0.21804417271960028,0.07051190470246761,1.1213283169518653
15,737.5414428710938,363.25360107421875,667.4740600585938,422.59991455078125,120.0,367.0,-0.23106778097325908,0.0724019240018305,1.1217269975835458
16,740.2061767578125,362.11529541015625,670.644287109375,422.4682312011719,110.0,363.0,-0.24121848632378862,0.06870707535338168,1.127713691403239
17,742.5934448242188,360.853271484375,673.5089111328125,421.7525939941406,100.0,359.0,-0.2516572591000853,0.06535168171939622,1.1289725747109205
18,748.1787109375,359.0827941894531,678.7869873046875,420.1656494140625,88.0,356.0,-0.2622709418093951,0.06255764930434184,1.1264213666860352
19,752.43310546875,358.64813232421875,680.5213623046875,420.78265380859375,79.0,361.0,-0.27017436647687076,0.06643569880371801,1.1207984269798974
20,752.5853881835938,357.3150329589844,681.6329345703125,419.7902526855469,73.0,351.0,-0.2739150532732279,0.056849023377751405,1.1143778647573193
21,753.1035766601562,355.8926696777344,681.8345947265625,417.8257751464844,72.0,345.0,-0.27454915797120355,0.050751764804410876,1.1113935494795997
22,756.2216186523438,355.08489990234375,684.120849609375,417.5029602050781,57.0,339.0,-0.288571716865207,0.045682358161366024,1.1132347634724586
23,756.5079345703125,353.8343811035156,684.2169799804688,416.689208984375,53.0,328.0,-0.2960235438477863,0.03601175697533403,1.1272002544592352
24,759.8232421875,355.2017822265625,687.384521484375,417.6401062011719,45.0,333.0,-0.3019730205933333,0.040113965074260106,1.121657569358552
25,758.9751586914062,352.9600524902344,686.987060546875,415.826171875,45.0,326.0,-0.3008331442696212,0.03326574291854459,1.1182365262455183
26,752.4921875,350.24298095703125,681.9083251953125,412.96429443359375,66.0,312.0,-0.2822669263947656,0.02080322333575351,1.1234185044228249
27,745.2026977539062,342.4039001464844,675.1000366210938,404.94134521484375,83.0,276.0,-0.2669428030903105,-0.014107071907565258,1.1276697602647199
28,742.8590087890625,336.7463073730469,673.510986328125,398.08251953125,90.0,254.0,-0.2612904854646716,-0.034719041272177426,1.1345397455202335
29,744.8206787109375,336.24896240234375,675.3970336914062,397.4179382324219,83.0,241.0,-0.26832379638710807,-0.047059585301384044,1.135450444761504
30,745.0826416015625,333.4222106933594,676.1198120117188,394.5861511230469,78.0,230.0,-0.27218911883372254,-0.057374008659861024,1.1316322586065746
31,746.1162109375,332.47076416015625,676.9320068359375,392.91754150390625,83.0,222.0,-0.26755009087421516,-0.06552081771779758,1.1343760944758066
32,743.067626953125,330.604736328125,674.710205078125,389.8454284667969,83.0,210.0,-0.26834547756187965,-0.07607174164287386,1.1361317973788936
33,744.2208251953125,326.9683837890625,675.2943115234375,388.22412109375,82.0,196.0,-0.26875631243123527,-0.08941904925903474,1.138353535932733
34,744.5771484375,322.56201171875,675.7479858398438,382.575439453125,76.0,184.0,-0.2735213600865886,-0.10086366737669396,1.1333665323243594
35,744.4114379882812,320.660400390625,675.6619262695312,381.0589294433594,81.0,168.0,-0.2695264507725492,-0.11602957793920435,1.1361630162481515
36,741.3404541015625,318.729248046875,672.9843139648438,378.2967529296875,88.0,167.0,-0.2629565266628448,-0.1176590009013636,1.139155020335237
37,738.9969482421875,320.9262390136719,671.5101318359375,381.0341491699219,97.0,187.0,-0.25446701676923283,-0.09809347448294893,1.1409586975430974
38,739.0680541992188,321.5190734863281,672.3015747070312,380.6734619140625,98.0,210.0,-0.25318159258742823,-0.0765732873000473,1.141399486595941
39,738.7099609375,321.44403076171875,671.0828857421875,381.35498046875,108.0,201.0,-0.24581229629040588,-0.0850778063373733,1.1488813685320773
40,734.9415283203125,320.9664306640625,667.930419921875,380.8791809082031,114.0,209.0,-0.23873965940556513,-0.07743945229723816,1.1459965450587444
41,736.8060913085938,323.9837646484375,669.5888671875,384.32501220703125,111.0,218.0,-0.2428329265372908,-0.06899710164659273,1.1520755295093381
42,735.5767822265625,322.4810791015625,668.152587890625,383.8627624511719,117.0,220.0,-0.23740966537950203,-0.06670702352460686,1.1541269015719124
43,735.9893798828125,325.13037109375,668.3598022460938,385.6409606933594,117.0,224.0,-0.23678532613385048,-0.06262951711920996,1.1550435937919696
44,736.9547729492188,324.62591552734375,668.6914672851562,384.88067626953125,115.0,225.0,-0.23938902438808968,-0.061538529103435824,1.1540004227309888
45,733.4067993164062,320.50750732421875,664.687255859375,381.8660583496094,116.0,227.0,-0.2381085841029974,-0.05984904806114716,1.1524363415869012
46,732.4696044921875,322.4341735839844,664.7835693359375,383.0917053222656,114.0,227.0,-0.23982720803057336,-0.0595482638350163,1.1520246618828422
47,731.7394409179688,324.73699951171875,665.00927734375,383.8214416503906,117.0,233.0,-0.2360074816916533,-0.05368556557550279,1.150294837422052
48,731.80078125,330.92718505859375,665.7955932617188,390.07232666015625,124.0,241.0,-0.22958549494260028,-0.046411688796246436,1.1503404852640562
49,730.9873657226562,331.9825744628906,665.3212280273438,391.162109375,129.0,247.0,-0.22410341765258504,-0.04044976495144938,1.1462320845954936
50,728.0017700195312,330.23779296875,661.8637084960938,389.20489501953125,135.0,246.0,-0.2190948431031512,-0.040976344745657034,1.1511942639559523
51,724.1263427734375,330.28253173828125,658.192138671875,388.8561706542969,160.0,240.0,-0.1966622834271252,-0.04680493386787637,1.1651291544855402
52,719.7723388671875,329.61639404296875,654.72607421875,388.2994384765625,172.0,240.0,-0.1858060918083916,-0.047102209901279064,1.1725603289669468
53,715.5863037109375,329.25439453125,650.3512573242188,387.58087158203125,178.0,238.0,-0.17996867115452742,-0.04915529437187228,1.1737897908868984
54,711.3246459960938,329.23199462890625,645.5460205078125,386.615478515625,195.0,234.0,-0.1637052793005907,-0.05271748791829301,1.178182013911774
55,706.74658203125,328.2928161621094,641.705810546875,385.2849426269531,201.0,235.0,-0.15819273908229903,-0.052276651704163395,1.1828298189378381
56,705.3618774414062,328.3165283203125,640.3956909179688,385.0301513671875,204.0,234.0,-0.15515812932018894,-0.05284389629989454,1.1838747024597098
57,703.7239990234375,328.40887451171875,639.7791137695312,385.0439147949219,213.0,237.0,-0.146953788896561,-0.05005669213046704,1.183966829478582
58,454.3993225097656,531.517578125,851.493896484375,529.3333129882812,214.0,236.0,-0.14546445034247343,-0.05032559248512884,1.1839906107563452
59,696.8170166015625,322.2048034667969,630.0714111328125,378.2904968261719,225.0,230.0,-0.13488558461549316,-0.05725967911598401,1.1863395287611642
60,694.9746704101562,324.521728515625,629.41796875,378.8689270019531,235.0,230.0,-0.1262729060530229,-0.05676593198302756,1.1908961203703623
61,693.960693359375,325.6895446777344,628.924560546875,380.74249267578125,236.0,231.0,-0.12423929441958334,-0.05631528682589296,1.1913677092362398
62,692.3890991210938,324.8849792480469,628.07177734375,378.71820068359375,238.0,230.0,-0.12249811259038011,-0.056646421704546854,1.1961207398699398
63,692.63916015625,325.091064453125,629.2633056640625,379.12969970703125,235.0,229.0,-0.1251152592011522,-0.05803200105863945,1.1958230319717849
64,693.5550537109375,325.08636474609375,629.2852783203125,378.832275390625,236.0,231.0,-0.1243193030016181,-0.056130979362914155,1.197782113071675
65,688.8814697265625,320.7754211425781,623.4430541992188,374.7439270019531,243.0,230.0,-0.11762274955499272,-0.05710391127289764,1.200202957403569
66,688.1007080078125,323.88519287109375,624.1329956054688,377.5172424316406,247.0,231.0,-0.11398991658156431,-0.05638981262140771,1.2031926547218548
67,688.6095581054688,324.515869140625,625.541015625,378.13580322265625,243.0,233.0,-0.11811973392012677,-0.05256634039063756,1.206559987612156
68,688.7706298828125,326.13250732421875,624.3446044921875,379.0414733886719,251.0,234.0,-0.11096823541325289,-0.05343435964649476,1.2096022586122848
69,687.9046630859375,326.48114013671875,623.9320068359375,379.4295959472656,255.0,234.0,-0.10718759511302522,-0.05179095045931705,1.2133806523624064
70,687.8499145507812,327.85406494140625,623.9686889648438,381.244873046875,260.0,240.0,-0.10193596605452017,-0.04697801934069752,1.2158508514218795
71,686.8975219726562,326.2567138671875,620.9434814453125,380.5621032714844,261.0,240.0,-0.10139135555109842,-0.04586701280132374,1.2167589653391182
72,686.8500366210938,328.2835998535156,621.9190673828125,381.9261779785156,259.0,243.0,-0.10248641044274073,-0.04270308497468075,1.2166396260517833
73,685.2437744140625,328.1825866699219,621.0927124023438,381.5750732421875,264.0,241.0,-0.0975324739105112,-0.0448082911580129,1.219446047778736
74,683.724609375,327.4892883300781,619.4786987304688,381.2001953125,275.0,240.0,-0.08773275366501666,-0.04557144031635175,1.224977197744248
75,681.1260375976562,318.9000244140625,610.318359375,372.2467041015625,282.0,241.0,-0.08021910905310367,-0.04545013612059963,1.2267686580019488
76,679.7142944335938,327.14947509765625,615.83447265625,379.7398986816406,283.0,251.0,-0.07877717327960057,-0.0355344149436086,1.218383381793891
77,678.6340942382812,324.1887512207031,611.7040405273438,388.01708984375,286.0,257.0,-0.07496443366854087,-0.029721911295717007,1.2049154805995645
78,677.556640625,328.47308349609375,614.55078125,382.8160705566406,284.0,262.0,-0.07652027366247487,-0.02498281068695355,1.1998852145366778
79,676.4647827148438,329.269287109375,614.4765014648438,383.3424377441406,287.0,260.0,-0.07224570258258894,-0.026296204605510867,1.195710526776137
80,674.3582763671875,330.76715087890625,612.2410278320312,384.1034851074219,297.0,266.0,-0.06260213467298754,-0.020437418296567582,1.1922935326394328
81,671.7571411132812,330.66265869140625,610.429443359375,383.23468017578125,304.0,268.0,-0.05532438482595535,-0.018905910127667055,1.1878664610819483
82,670.723876953125,330.2569580078125,605.9635620117188,381.74365234375,299.0,265.0,-0.059693587706288485,-0.02056569639023347,1.187458239319173
83,668.2411499023438,333.694580078125,606.52880859375,386.1358947753906,312.0,264.0,-0.04592166805225445,-0.021749820050633084,1.1833498484699367
84,667.5195922851562,332.722900390625,605.6939697265625,385.5985107421875,313.0,269.0,-0.045224882966924534,-0.015967623127090987,1.1803789517479917
85,665.8458862304688,333.9287109375,604.1551513671875,385.8155822753906,319.0,276.0,-0.03989194995451993,-0.009465208659681998,1.187064081988283
86,666.5709228515625,334.8309631347656,603.3670654296875,386.51068115234375,326.0,280.0,-0.032712384005073765,-0.006859166259653272,1.1866529936098806
87,662.8168334960938,338.00653076171875,599.7691650390625,390.65606689453125,343.0,283.0,-0.015645369235962343,-0.002288944910777796,1.1801060617281762
88,659.9833374023438,339.4634704589844,598.4028930664062,391.4728088378906,348.0,288.0,-0.01128526803610401,0.0024706379309017636,1.180275943988752
89,659.6442260742188,339.6458740234375,597.3366088867188,391.9466552734375,349.0,286.0,-0.009138607529619529,-0.00015122521166356976,1.1737481927685984
90,659.2750854492188,339.6640319824219,597.1687622070312,390.9879150390625,352.0,284.0,-0.006233409983469413,-0.0014592309786733474,1.1681302435014302
91,655.1160888671875,335.49810791015625,593.6590576171875,386.6436462402344,355.0,288.0,-0.0033060821394639024,0.0024286173424180914,1.168119290560327
92,654.1552124023438,341.02386474609375,592.7015380859375,392.56689453125,362.0,288.0,0.002738806339420452,0.0030430681572866883,1.17282675327104
93,653.7972412109375,341.39111328125,592.88232421875,393.4277648925781,370.0,285.0,0.011647884954945531,-0.0005644757531399843,1.1731493721769006
94,646.5978393554688,341.125,585.6434326171875,391.945556640625,383.0,282.0,0.02471872428772132,-0.0026026522000588558,1.176330025021481
95,642.4365844726562,342.784423828125,580.168701171875,393.2091979980469,398.0,286.0,0.03924685338112335,0.0010092002305774686,1.1729117377926532
96,634.9456176757812,345.8788146972656,575.5550537109375,395.0666809082031,416.0,292.0,0.057030529778000515,0.007191608276343405,1.1728518116743145
97,633.0751953125,345.86383056640625,572.0560302734375,394.7016906738281,426.0,292.0,0.06734339911893027,0.007143720361183623,1.174554420388883
98,630.69677734375,347.4234619140625,568.7943115234375,394.96075439453125,440.0,293.0,0.08106548958768042,0.007837646871482425,1.177818523146766
99,623.0657348632812,346.3037109375,560.607666015625,394.0406799316406,462.0,298.0,0.10325114681806985,0.01295104442375417,1.1827318076821214
100,620.6871948242188,348.99908447265625,559.522705078125,395.378173828125,468.0,298.0,0.11006442500481006,0.012921552372966702,1.1856946792063403
101,617.7561645507812,349.26971435546875,556.2800903320312,394.8727111816406,482.0,296.0,0.12385198933981596,0.011717337086771333,1.1880899074174245
102,614.9885864257812,349.2216491699219,804.45166015625,527.993408203125,493.0,300.0,0.13567790802978688,0.015329064142567357,1.1906768585222358
103,610.6067504882812,352.589111328125,547.7051391601562,397.7708740234375,505.0,299.0,0.14842447729711555,0.014136509789671719,1.200213524181175
104,608.3985595703125,353.82794189453125,545.7353515625,398.63763427734375,517.0,295.0,0.16253657394712703,0.010977233867425834,1.2140980494018612
105,602.611572265625,352.8839416503906,540.0725708007812,397.4195556640625,522.0,296.0,0.16840032098796726,0.012202493976112339,1.2208194041063907
106,608.278564453125,350.392333984375,538.2748413085938,390.9853515625,523.0,294.0,0.1719220639100724,0.011013100202567294,1.2386755079432614
107,604.302490234375,351.06683349609375,539.7713623046875,396.5792236328125,536.0,296.0,0.18685886708502417,0.012817715528719133,1.2497815020016068
108,601.1015625,352.58624267578125,537.1034545898438,397.242431640625,543.0,292.0,0.19549589977268994,0.009033235058041985,1.2523030145206706
109,599.7625122070312,351.4552917480469,536.0135498046875,395.6685485839844,547.0,287.0,0.20110521007146676,0.0033907876461846064,1.2610286059254474
110,600.1566162109375,349.85784912109375,535.0501708984375,395.1471252441406,556.0,282.0,0.21185838001191154,-0.0006248380426393278,1.2745251411211496
111,595.4701538085938,348.51287841796875,531.1157836914062,393.0088195800781,550.0,276.0,0.20568799045487907,-0.0067100083961237475,1.2735382268531494
112,598.2600708007812,346.25677490234375,534.9730224609375,391.25140380859375,528.0,248.0,0.18383923300072338,-0.0364830253136999,1.2822057642413378
113,615.8193359375,330.4811096191406,554.2864990234375,375.625,493.0,200.0,0.14529626116746844,-0.0877029185683441,1.2691320348142867
114,613.565185546875,327.6994323730469,552.8028564453125,373.1650390625,490.0,198.0,0.14289936283318252,-0.08919547256376373,1.2777924326014745
115,615.4750366210938,325.45501708984375,554.1433715820312,371.51312255859375,488.0,194.0,0.1409278523410592,-0.09360963087529095,1.2795028195785232
116,613.76806640625,323.1850280761719,552.1552734375,369.22686767578125,488.0,179.0,0.049084292514871626,-0.10511326959464994,0.8390810643613272
117,616.1068725585938,317.5608825683594,555.4208984375,362.6666259765625,471.0,144.0,0.12455386987335093,-0.14624020007062782,1.292458538338491
118,614.9071044921875,307.44512939453125,554.3956298828125,353.82977294921875,469.0,113.0,0.12476652987604483,-0.18450173281902238,1.3241283050438428
119,616.6859130859375,306.3686218261719,555.6347045898438,352.36871337890625,453.0,121.0,0.10759554552594891,-0.17688675250471317,1.336039738521993
120,622.5797119140625,306.3379821777344,561.849609375,353.0963134765625,434.0,123.0,0.08480522839918787,-0.17267755671241605,1.3116057371238634
121,631.1011962890625,301.95050048828125,570.463134765625,349.5148010253906,400.0,113.0,0.04652479084300094,-0.18034042111429052,1.2882086543661968
122,635.9756469726562,300.8528747558594,575.0164794921875,348.8504638671875,383.0,115.0,0.028357276512320104,-0.17718622787508015,1.279170111167159
123,647.1641845703125,302.66973876953125,585.7850341796875,351.0894775390625,364.0,123.0,0.0070639381586760745,-0.16643584551595886,1.2672170064649908
124,652.2813110351562,301.4510192871094,590.3489379882812,351.17498779296875,355.0,125.0,-0.0021460445635310427,-0.16472368406723742,1.2657000671463343
125,656.3160400390625,301.73309326171875,594.299560546875,351.8887939453125,331.0,126.0,-0.027430955629534376,-0.1624326195037998,1.2610637081018872
126,659.3587036132812,300.3616027832031,596.8967895507812,351.26348876953125,320.0,122.0,-0.03895587318614268,-0.16531894612628253,1.2530907720766296
127,664.0157470703125,299.64306640625,601.0496215820312,350.9493408203125,308.0,121.0,-0.050799389850026216,-0.16441501698207633,1.2408887457903566
128,665.847900390625,299.23638916015625,602.94140625,351.5011901855469,308.0,115.0,-0.05058979403450754,-0.16978904557084204,1.230607866249358
129,666.4608764648438,298.7917785644531,602.604736328125,351.0498046875,307.0,117.0,-0.05075047369080124,-0.1669781508086267,1.2256598723672627
130,672.71240234375,298.3969421386719,605.881591796875,351.64013671875,303.0,118.0,-0.05430813541400468,-0.16547161520336842,1.220937199501697
131,672.0189819335938,299.2857971191406,608.15380859375,352.389892578125,291.0,121.0,-0.06712693959586152,-0.1611460285182847,1.2179634662402388
132,683.0228271484375,292.6714782714844,616.802978515625,368.0440368652344,273.0,124.0,-0.08454535970688153,-0.1570957612007196,1.2118630364857246
133,685.9419555664062,293.336669921875,619.6712036132812,350.7781066894531,254.0,126.0,-0.10304302668578746,-0.15400258401266606,1.2004360953215574
134,687.10205078125,292.89703369140625,621.2531127929688,350.2433166503906,244.0,121.0,-0.11210065975662235,-0.15835436402941852,1.1932194449740559
135,693.7650146484375,293.02935791015625,628.7556762695312,350.5909729003906,223.0,121.0,-0.1331125703981153,-0.15895678104944616,1.1928856725849757
136,698.6920166015625,293.2772521972656,632.5626831054688,351.318359375,209.0,121.0,-0.14669103169406872,-0.1586599106347551,1.1895943869608245
137,700.6353759765625,292.9088439941406,634.87060546875,351.3483581542969,202.0,121.0,-0.15348541141099267,-0.15815351788621518,1.1857601540579552
138,688.0970458984375,297.891357421875,622.9105834960938,355.5862731933594,197.0,122.0,-0.1580759067589318,-0.1562370048475967,1.1828777061913696
139,691.5911865234375,297.1320495605469,625.0142211914062,355.22308349609375,193.0,120.0,-0.16151352071436026,-0.15860577887092106,1.1818817353395825
140,708.8043212890625,296.7730712890625,640.65283203125,356.2699890136719,180.0,127.0,-0.1740260185719609,-0.1502149720703787,1.1750165985600007
141,711.6134643554688,297.5208740234375,643.6285400390625,357.7557678222656,169.0,134.0,-0.18352815436980308,-0.1437756951771165,1.1710562786463177
142,713.3331298828125,295.7646484375,644.15380859375,357.53668212890625,159.0,148.0,-0.1926827842676397,-0.1300437413334744,1.1659154108209833
143,711.4254150390625,300.29388427734375,643.2203369140625,360.38330078125,170.0,155.0,-0.1824776891504059,-0.12281989810066843,1.1656004822064092
144,709.4432373046875,301.27874755859375,641.57080078125,361.3534851074219,183.0,168.0,-0.16865745342311045,-0.11088607732277429,1.1536028613137457
145,707.64013671875,302.6661071777344,640.218017578125,363.4651184082031,187.0,176.0,-0.16301852958546056,-0.10242172493338143,1.1422469602870893
146,706.7557373046875,305.1056213378906,639.63623046875,365.044189453125,190.0,188.0,-0.15921634676871937,-0.09169965142365545,1.1366870904937632
147,706.070068359375,308.17132568359375,638.82861328125,367.78369140625,194.0,199.0,-0.15559844600144826,-0.08090109875795427,1.1350450019708154
148,705.1437377929688,351.4490966796875,636.1915283203125,377.19232177734375,195.0,204.0,-0.1537437829422409,-0.07634425508344429,1.1328785233637215
149,704.453857421875,311.63623046875,635.6455688476562,373.15264892578125,207.0,219.0,-0.14307097918551193,-0.06234920048702521,1.1364916698353544
150,702.6954345703125,316.58514404296875,635.1699829101562,376.7080383300781,212.0,225.0,-0.13931352817880108,-0.05660789869710301,1.141527313934052
151,701.3786010742188,316.7781982421875,634.5357666015625,377.4270324707031,218.0,229.0,-0.13452253564772054,-0.05325636492881396,1.1437555352422577
152,697.6685180664062,317.8814697265625,631.4194946289062,376.4931945800781,224.0,230.0,-0.1288314720281398,-0.052220273781603106,1.1475633361702398
153,691.458740234375,310.7767639160156,624.1954345703125,369.3154602050781,231.0,227.0,-0.12250286590376479,-0.05493072920852031,1.1531412529057272
154,690.603759765625,313.0435485839844,624.7225341796875,369.229248046875,231.0,228.0,-0.12251342371201067,-0.053664589669537265,1.153706806358837
155,687.5577392578125,314.24383544921875,622.0029907226562,369.98602294921875,245.0,233.0,-0.10981787416807685,-0.04955123614695589,1.1646068878716385
156,685.9465942382812,314.6894836425781,620.5564575195312,369.83819580078125,250.0,229.0,-0.10552929172126162,-0.05268913702287071,1.1675835019539418
157,680.7056274414062,311.03326416015625,614.6344604492188,368.5058288574219,265.0,228.0,-0.09149010929843007,-0.05399660968986222,1.179333528127554
158,678.2823486328125,313.37347412109375,612.67529296875,369.416259765625,271.0,225.0,-0.08592429951565758,-0.056646742416719596,1.183939889541897
159,678.0208740234375,314.06085205078125,612.3201293945312,370.30877685546875,279.0,219.0,-0.07854471089582774,-0.0627329883880792,1.1913477278333107
160,675.1434326171875,313.1322021484375,610.0809326171875,368.69732666015625,280.0,219.0,-0.07725894972889671,-0.06330966786029146,1.192514153749448
161,674.20849609375,310.7266845703125,609.9688720703125,368.9585876464844,281.0,214.0,-0.07721830255774678,-0.06799607657395489,1.2028344200366796
162,678.3569946289062,304.322998046875,611.7449340820312,373.40155029296875,276.0,207.0,-0.08238101890225571,-0.0753795364045233,1.207032879438254
163,674.1071166992188,310.2408752441406,608.7666625976562,368.78125,280.0,207.0,-0.0783470248447469,-0.07473746059144248,1.2102868826218465
164,672.5326538085938,310.6093444824219,608.0813598632812,367.99072265625,290.0,208.0,-0.06916028967925288,-0.07327528181154666,1.2201376396480303
165,672.340576171875,310.0951232910156,608.2650756835938,367.0656433105469,299.0,209.0,-0.05932478126366287,-0.07220999800105213,1.2258405801731267
166,668.5863037109375,311.2461853027344,603.0250244140625,366.95025634765625,317.0,209.0,-0.041993741827867026,-0.07331820691928075,1.2358595415070355
167,664.533447265625,311.64898681640625,600.0639038085938,366.5831604003906,325.0,215.0,-0.033995354882089164,-0.0671061534883271,1.2377849386223798
168,662.1883544921875,312.341552734375,598.0513916015625,367.44293212890625,329.0,218.0,-0.028990845319401187,-0.0637670687525491,1.2344268756175316
169,661.3775634765625,315.1337890625,595.4326782226562,367.0017395019531,334.0,229.0,-0.02431327470106079,-0.053049108336768104,1.225415265374795
170,657.3887329101562,320.0198974609375,594.0322265625,373.5179443359375,335.0,241.0,-0.02308565903634014,-0.04046547944642885,1.215951154969246
171,657.4497680664062,322.18646240234375,593.708984375,377.2656555175781,335.0,251.0,-0.02312813135646212,-0.030027749335563916,1.2130058248324296
172,659.4961547851562,326.95428466796875,595.9585571289062,380.97210693359375,331.0,268.0,0.01709730073780433,-0.07677699563013184,1.34506110446924
173,661.2092895507812,331.1788330078125,597.9037475585938,385.48028564453125,326.0,284.0,-0.0325573796353358,0.0017743060077823583,1.2045034630539797
174,662.490966796875,329.5249938964844,597.5856323242188,382.5971374511719,328.0,293.0,-0.03131710397237309,0.01094838087608335,1.2050346430199221
175,662.6345825195312,330.71441650390625,596.1591796875,385.16455078125,331.0,293.0,-0.028518703057610208,0.010998849206295123,1.2063445219111124
176,659.2589111328125,333.2555236816406,595.3797607421875,388.5301208496094,338.0,301.0,-0.021524911209184903,0.019091449262693162,1.2063677673806712
177,657.8253784179688,334.4186096191406,593.2200317382812,389.2216796875,349.0,308.0,-0.010507896094931145,0.025743969332114872,1.2064640945497258
178,654.3380126953125,340.13482666015625,590.6943359375,394.009521484375,357.0,317.0,-0.002520098718867614,0.034120927567535764,1.2052841208506175
179,652.2927856445312,343.11627197265625,587.361328125,396.4777526855469,368.0,326.0,0.008863745829302551,0.0440880111585208,1.2039914607277273
180,647.6897583007812,349.2567138671875,593.5291137695312,428.13861083984375,375.0,332.0,0.015925842153383468,0.049471273948688325,1.2036844181203261
181,645.5499877929688,345.7501220703125,580.5453491210938,398.8555908203125,383.0,336.0,0.023667526996870553,0.05399576366661348,1.2049758697696429
182,643.4569091796875,347.87237548828125,579.1070556640625,400.720458984375,389.0,337.0,0.029952411307023065,0.054977633288039215,1.204940961258454
183,642.1535034179688,349.4384765625,577.406005859375,401.32489013671875,396.0,344.0,0.03750703831080553,0.061425611234944826,1.206218487384292
184,640.1832885742188,353.4865417480469,576.2180786132812,404.9228210449219,411.0,357.0,0.05064300063241121,0.0729602928732746,1.203047593727644
185,638.0463256835938,354.925048828125,574.9827270507812,407.029052734375,414.0,361.0,0.054068585753129846,0.07738955400306975,1.205957602207687
186,637.0318603515625,354.737060546875,573.2363891601562,407.1282653808594,427.0,368.0,0.06641069371760822,0.0839627653932311,1.2006211039487487
187,630.4769287109375,360.70306396484375,563.9393310546875,412.98846435546875,450.0,394.0,0.08904415807474811,0.10867217957661048,1.1992580738207619
188,627.7074584960938,364.9763488769531,561.8037719726562,415.5188293457031,455.0,399.0,0.09417698897398782,0.11353495434453627,1.1966997017201983
189,623.7969360351562,367.3296203613281,558.826416015625,417.45916748046875,468.0,399.0,0.10613635379815008,0.1122036176032593,1.1847585645148913
190,622.46826171875,367.74365234375,557.4163208007812,417.385498046875,475.0,400.0,0.11268682969074266,0.11226042741896146,1.1791153978182072
191,621.3811645507812,370.46875,554.8263549804688,420.6878662109375,485.0,405.0,0.12267867027938616,0.11703968595543535,1.1786866741862116
192,620.5052490234375,370.2830810546875,554.6434326171875,420.66632080078125,487.0,404.0,0.12429566768208516,0.11602661144332593,1.174144901910839
193,621.3524780273438,370.5293884277344,555.6919555664062,419.64129638671875,482.0,405.0,0.11757794382716731,0.11542217318666109,1.1659519145171289
194,622.1151733398438,370.13214111328125,557.5149536132812,420.06878662109375,481.0,411.0,0.11560493165558577,0.12084644411860188,1.1595043415870894
195,621.992431640625,372.03948974609375,557.6180419921875,421.0052490234375,486.0,424.0,0.12070294925395988,0.13264285241205961,1.1638733921654545
196,613.6971435546875,376.21527099609375,549.75537109375,424.5147399902344,493.0,426.0,0.12941585620345772,0.13745198741858203,1.177529059874451
197,617.055908203125,371.12384033203125,547.6592407226562,419.8410949707031,497.0,426.0,0.1339536851046512,0.1376492279596491,1.1814254561418713
198,614.392333984375,375.43408203125,547.4927368164062,423.5942077636719,507.0,423.0,0.14410001432274677,0.13502383574921806,1.184486394562659
199,612.14111328125,377.37152099609375,546.3798828125,424.68817138671875,509.0,420.0,0.1461732130050984,0.13174188821208987,1.1838548689170962
200,612.2587890625,376.13079833984375,546.63623046875,424.0694580078125,507.0,418.0,0.14295015620755933,0.12900736656657272,1.1757573511514499
201,615.4306640625,375.7700500488281,547.996337890625,422.9759521484375,497.0,421.0,0.13139893451025683,0.12962219621793197,1.1647869109624334
202,617.4869995117188,375.0451354980469,551.673095703125,423.9640808105469,485.0,417.0,0.12009066580381694,0.12533105453533214,1.1585405197988825
203,629.2449340820312,365.8503112792969,559.2587890625,418.5535583496094,466.0,404.0,0.10089814360943017,0.11154345251300798,1.14726399416242
204,627.8593139648438,366.64990234375,560.56201171875,418.71575927734375,464.0,402.0,0.09767233050575365,0.10890952626661715,1.1422258351115213
205,630.22314453125,364.7853698730469,563.7499389648438,417.05816650390625,451.0,395.0,0.08470936511650275,0.10105577510293914,1.1288183401700038
206,631.8031616210938,363.3401184082031,566.1775512695312,415.173095703125,442.0,391.0,0.07508707993594099,0.09643935065455217,1.1196737593421744
207,634.5078125,356.4076232910156,564.2896728515625,407.79351806640625,433.0,386.0,0.06605735341134361,0.09065363399500093,1.1058675420478639
208,633.81396484375,359.24786376953125,568.9953002929688,411.1320495605469,422.0,384.0,0.0553567108711547,0.08824637287039745,1.0983055498187044
209,639.4894409179688,361.7185974121094,574.7327270507812,414.3232421875,409.0,381.0,0.043538873519824044,0.08442600591453202,1.091063747945514
210,643.3626098632812,360.6614685058594,578.4575805664062,413.6128845214844,394.0,372.0,0.029951624911734753,0.07615442631404229,1.0864903879317094
211,648.4096069335938,357.27117919921875,584.1953125,410.855224609375,385.0,369.0,0.02216723877784848,0.07289718444197478,1.0847666514575536
212,650.4097900390625,356.1706237792969,585.955322265625,409.3301086425781,375.0,367.0,0.012549100497676602,0.07054232277523124,1.0762855691862212
213,654.723388671875,354.0300598144531,590.3598022460938,408.4534912109375,366.0,364.0,0.003968388496434987,0.06689196364175866,1.0695768589585066
214,656.0253295898438,351.414306640625,591.841552734375,405.9239501953125,361.0,360.0,0.0004908327152285245,0.06314089513970089,1.0650069430972704
215,656.5047607421875,346.05450439453125,590.3458862304688,400.7119445800781,355.0,358.0,-0.004872901129247466,0.05980861257211743,1.0537174490712078
216,658.2000122070312,348.4233093261719,593.8314208984375,402.9914245605469,344.0,357.0,-0.015364894908236585,0.058521904737835403,1.0530978233897252
217,664.0440063476562,351.81903076171875,600.3109741210938,406.67108154296875,328.0,357.0,-0.028867664058877893,0.05836792576701873,1.0505618229880196
218,670.194580078125,350.05059814453125,606.3868408203125,405.8548583984375,309.0,352.0,-0.04532497222993156,0.054042941234536415,1.0504839135208863
219,677.633544921875,345.8675537109375,608.09716796875,403.3673400878906,299.0,358.0,-0.05436100918021634,0.058996120825496316,1.0439716865602322
220,678.4343872070312,350.49957275390625,613.0831298828125,407.9330749511719,295.0,361.0,-0.05745262491256448,0.06194306118866107,1.0449214305443844
221,678.3196411132812,350.82196044921875,613.6340942382812,409.74969482421875,292.0,360.0,-0.060395282198987175,0.06064463408934964,1.0442528747001685
222,679.47998046875,350.5609130859375,615.6640014648438,408.6485595703125,286.0,359.0,-0.06511538246014925,0.05944939872688529,1.0425069985914883
223,679.700927734375,348.8900146484375,615.854736328125,406.6982727050781,279.0,354.0,-0.07130380127829856,0.05480306978215209,1.0378156014463067
224,679.7027587890625,347.898193359375,616.59521484375,406.5533142089844,276.0,355.0,-0.0731406650178694,0.055905482242641594,1.0365798770037793
225,685.2327270507812,346.3166198730469,619.0531616210938,405.9462890625,265.0,358.0,-0.08301666274737515,0.05831859661090522,1.0397328859132369
226,686.6140747070312,347.29327392578125,622.3101806640625,407.784912109375,254.0,358.0,-0.09319267232730083,0.05790361705122981,1.0404387498738807
227,688.873046875,347.8760986328125,624.8194580078125,407.4914245605469,247.0,356.0,-0.09843492417715068,0.056559036763304975,1.03701455705958
228,691.0468139648438,346.6006164550781,627.3487548828125,406.61871337890625,235.0,354.0,-0.10863981956397761,0.053776565625223774,1.0312883581623982
229,692.2314453125,345.381103515625,628.0399169921875,404.6600646972656,226.0,354.0,-0.11650534800765622,0.053688681272939014,1.0309214097355548
230,700.6973876953125,346.8428955078125,635.0485229492188,407.12054443359375,214.0,352.0,-0.12700742610934687,0.05275415141071355,1.037188390271882
231,453.9610900878906,571.2551879882812,886.5574951171875,576.6417236328125,208.0,348.0,-0.13235792432505916,0.0494738841752687,1.0389708685937733
232,702.8430786132812,343.6204833984375,636.162841796875,403.82818603515625,199.0,348.0,-0.14022493428085034,0.04898516753023941,1.0387199823046858
233,706.6578369140625,345.6514892578125,639.8167724609375,406.5836181640625,184.0,357.0,-0.1531089860168392,0.055660751319180794,1.0343269924648995
234,707.8661499023438,347.23980712890625,642.3535766601562,408.37091064453125,183.0,358.0,-0.15403018693632953,0.056215242032679226,1.0332643899962308
235,708.908203125,345.6983642578125,642.9403686523438,406.2171630859375,174.0,349.0,-0.1612853574491732,0.048764358797730084,1.034292184309733
236,710.5921630859375,344.20751953125,645.4346923828125,403.95904541015625,166.0,341.0,-0.16896791410020184,0.0422115818245795,1.0361323166928778
237,720.7391967773438,339.12744140625,654.8170166015625,400.9377746582031,159.0,336.0,-0.17431656916152974,0.03832327518700354,1.0364165687558715
238,695.8018798828125,445.39801025390625,658.0654907226562,423.2745666503906,152.0,328.0,-0.17996558159159534,0.03112039764271897,1.033160375511441
239,720.2660522460938,336.6146545410156,652.4308471679688,399.41522216796875,149.0,328.0,-0.18266588665610123,0.03031889650774804,1.0323199403659438
240,721.5770263671875,336.29302978515625,654.1038818359375,398.6616516113281,136.0,325.0,-0.1933259626606839,0.02771706283811433,1.0301283477297438
241,724.8720092773438,337.4139404296875,657.6826782226562,399.97113037109375,122.0,328.0,-0.2053632538155793,0.03028665146222906,1.02953101881681
242,729.0349731445312,338.2109069824219,660.0936279296875,400.70648193359375,111.0,330.0,-0.2148722987038411,0.032260556956454654,1.0300697931547667
243,732.3674926757812,339.052001953125,663.8068237304688,402.72412109375,106.0,325.0,-0.219348936156608,0.027970625035610895,1.032754751862067
244,736.0811767578125,338.8594970703125,666.0443115234375,401.35101318359375,103.0,321.0,-0.22322002467404942,0.025136883473336372,1.0367570944111413
245,735.8554077148438,337.8636474609375,666.6879272460938,400.45648193359375,98.0,312.0,-0.22716989125184386,0.017229892721669585,1.0359596783213112
246,735.416015625,334.13104248046875,667.171875,397.40264892578125,91.0,305.0,-0.23284599467819544,0.011884929007813152,1.03635659576062
247,736.951171875,334.4029235839844,667.8885498046875,397.46661376953125,91.0,296.0,-0.2326716327229529,0.00424986329079564,1.039537397603346
248,735.4017944335938,330.3492431640625,667.5135498046875,394.3087158203125,95.0,282.0,-0.23038735359610166,-0.007586019019448536,1.0425696811991203
249,733.1339721679688,320.54449462890625,663.3523559570312,384.6187744140625,102.0,271.0,-0.22408223327610982,-0.017544301974571085,1.0452768038744078
250,731.149169921875,321.24822998046875,663.350830078125,384.3075866699219,108.0,257.0,-0.21965054163111378,-0.028986433940965367,1.047827442666592
251,730.8009033203125,318.19866943359375,663.109130859375,381.8913879394531,108.0,244.0,-0.21901753178538563,-0.039536520340901236,1.048917519999434
252,730.1221313476562,317.2630615234375,663.1423950195312,381.020263671875,109.0,238.0,-0.21777140315584473,-0.044683432866566675,1.048566045005281
253,731.0508422851562,316.8018798828125,664.84814453125,381.1392822265625,107.0,235.0,-0.21964701845923268,-0.04759230286870112,1.050017588484168
254,731.6705322265625,315.084716796875,665.7014770507812,379.22735595703125,104.0,227.0,-0.22170704491937698,-0.05378319976817944,1.0479614946144546
255,732.42333984375,313.6324768066406,666.7362060546875,377.2472839355469,101.0,221.0,-0.22393134830143943,-0.0584947337906055,1.0435436141609042
256,728.3232421875,306.4743957519531,660.7041625976562,371.48077392578125,100.0,218.0,-0.22389998305004125,-0.061546607127416546,1.0435895433885607
257,727.3775024414062,308.41424560546875,661.9190673828125,373.4678955078125,105.0,207.0,-0.21940463351509623,-0.07023535733712104,1.0448654361915535
258,725.2569580078125,304.5013427734375,659.8544311523438,369.2978515625,106.0,198.0,-0.21886756895291729,-0.07795911940123554,1.0478303912619102
259,727.78466796875,300.19647216796875,661.5283203125,364.16082763671875,109.0,177.0,-0.21643356205874004,-0.09537454331885284,1.0503386045075744
260,726.169921875,298.20245361328125,660.330078125,361.7314758300781,110.0,174.0,-0.21520214946915647,-0.09840600170052943,1.0491215251237695
261,724.9981079101562,297.2236633300781,659.5225830078125,360.072021484375,112.0,164.0,-0.21285859676965596,-0.10639321652992831,1.0469328936530764
262,732.5875244140625,317.03851318359375,659.160888671875,401.9330139160156,110.0,164.0,-0.2131682735863978,-0.10546957571378598,1.043607716206663
263,720.4000854492188,292.24127197265625,654.9388427734375,356.9579162597656,115.0,175.0,-0.20830037715464672,-0.09583697826639342,1.0430010006725108
264,721.0089721679688,294.35491943359375,655.7733154296875,359.5292053222656,122.0,183.0,-0.2031187236877285,-0.0887887263169722,1.0443685518373664
265,719.1236572265625,294.45562744140625,654.5441284179688,359.490234375,133.0,184.0,-0.19472203457227816,-0.08787698697772241,1.051566999492331
266,709.857177734375,309.4021911621094,642.2942504882812,399.8393249511719,152.0,197.0,-0.18013488604909342,-0.07756942350169287,1.0636975803469253
267,704.2044677734375,300.2727355957031,639.28466796875,363.1720275878906,163.0,197.0,-0.17124867933558227,-0.07720716886340315,1.0693446344185629
268,710.5282592773438,300.248779296875,644.4091796875,363.2301940917969,170.0,199.0,-0.16605911773467055,-0.07578757514990013,1.0745641031154005
269,707.86376953125,299.5000915527344,643.125244140625,362.2312927246094,173.0,194.0,-0.16376164337928556,-0.08014945854078735,1.0750212905579404
270,706.07080078125,299.4762878417969,642.20458984375,361.96881103515625,180.0,197.0,-0.15752689383763888,-0.07743372330906569,1.0782107378593913
271,695.6322631835938,299.45440673828125,631.493408203125,361.178955078125,182.0,192.0,-0.1554584452692948,-0.08187102474572677,1.0796347092640217
272,692.9539184570312,300.5406799316406,628.1891479492188,361.75054931640625,196.0,195.0,-0.14462483761027617,-0.07981550561545937,1.0875344638502291
273,692.569580078125,300.0580749511719,627.363525390625,361.35052490234375,203.0,198.0,-0.13801961708409202,-0.07717767442661598,1.088380270747937
274,696.6073608398438,301.27398681640625,631.8859252929688,362.4044189453125,210.0,201.0,-0.13363927379732268,-0.07543059098559986,1.098738123635535
275,687.9766235351562,301.8309020996094,620.1994018554688,361.26898193359375,228.0,211.0,-0.11877905037954019,-0.06677113569726284,1.1131881393172185
276,684.249267578125,307.99468994140625,619.0166625976562,366.396240234375,232.0,229.0,-0.1156059428041148,-0.04962010009619854,1.1228797455418529
277,690.6002807617188,309.9081726074219,622.1868896484375,369.6479797363281,232.0,252.0,-0.11691861255677764,-0.027467295613274892,1.1273155112225552
278,690.7651977539062,310.4629211425781,626.1713256835938,368.3858337402344,230.0,265.0,-0.11864201672282099,-0.015885986506547805,1.1325005091580636
279,693.5628051757812,314.7312927246094,628.0606689453125,373.92498779296875,232.0,278.0,-0.11797762636074051,-0.0030026896157353124,1.1389046325087762
280,681.8192138671875,316.9076843261719,617.3103637695312,374.7593994140625,233.0,278.0,-0.11739210210157486,-0.00311098698733722,1.1411166745431933
281,681.2335815429688,315.45050048828125,617.16552734375,373.36651611328125,240.0,265.0,-0.11080123682664349,-0.016062069881719453,1.1432423867189663
282,685.987060546875,316.0035095214844,622.373779296875,373.3428039550781,243.0,274.0,-0.10884310169686019,-0.008155066420479607,1.1467398745482442
283,686.2902221679688,319.0824890136719,623.1668701171875,376.3699951171875,244.0,284.0,-0.10806135736439915,0.0020445960008528487,1.1497388165024038
284,685.552978515625,319.70391845703125,622.33935546875,376.6864013671875,249.0,290.0,-0.10393396738612129,0.007482817913184742,1.1528764739095982
285,686.0260620117188,320.13531494140625,619.3430786132812,379.32183837890625,253.0,311.0,-0.10185960745194439,0.027940431546971883,1.1648843677450418
286,678.2311401367188,339.593994140625,613.3445434570312,385.6990051269531,250.0,320.0,-0.10497499232411743,0.03758723024701588,1.169885495074521
287,681.4525756835938,325.071533203125,614.4938354492188,383.8265380859375,256.0,327.0,-0.09974727054796198,0.04455313201318301,1.177537897278583
288,681.3109741210938,328.29119873046875,615.7745361328125,386.7336120605469,260.0,333.0,-0.09652137516028769,0.050325584843276074,1.1828489169223788
289,680.6636962890625,330.45245361328125,614.5125122070312,389.29351806640625,271.0,335.0,-0.08690985998477643,0.053354888227272294,1.1916758041679392
290,676.251708984375,330.99237060546875,610.5955810546875,389.6548767089844,282.0,334.0,-0.07651324899599633,0.05319410275868352,1.1978473408030015
291,677.6016845703125,338.63232421875,605.9575805664062,388.87786865234375,286.0,338.0,-0.07237282109947278,0.05676244989831414,1.2033164291515548
292,672.5942993164062,330.9063720703125,605.8798828125,389.1872253417969,295.0,345.0,-0.06439222590918078,0.06413680474577055,1.210763189813386
293,671.4013061523438,334.3209228515625,605.1375122070312,391.6361389160156,301.0,346.0,-0.058919551618379494,0.06530939822727241,1.2165445785671694
294,671.6658935546875,335.9423828125,605.25732421875,392.75164794921875,302.0,346.0,-0.05810685533656515,0.06608390731083306,1.2214587399572323
295,668.4283447265625,335.87396240234375,602.2040405273438,391.59051513671875,316.0,341.0,-0.04432907447421228,0.06241393948142738,1.2344753000812094
296,668.8067016601562,331.5325012207031,600.3737182617188,388.0604248046875,314.0,341.0,-0.046545541996932054,0.062136173793833606,1.242823906781947
297,668.674560546875,334.2540283203125,602.7197265625,390.94830322265625,314.0,343.0,-0.046382593728378566,0.06523477789252918,1.2426294892348981
298,659.8585815429688,340.4543762207031,594.2088623046875,395.4576416015625,315.0,354.0,-0.04576505650035236,0.07662128052748089,1.250621129576506
299,659.0155029296875,342.5902099609375,592.9877319335938,397.74267578125,325.0,363.0,-0.03596473256337147,0.08606065870529156,1.2517700140542416
300,658.4969482421875,347.4337463378906,586.341796875,415.393798828125,334.0,366.0,-0.02584965321039572,0.08926183171441612,1.2578771341008714
301,655.6502075195312,343.8013000488281,588.2435302734375,399.7196044921875,338.0,368.0,-0.022352032472992375,0.0924358966057256,1.2590592618783125
302,659.1639404296875,347.0169677734375,589.7852172851562,402.8351135253906,337.0,373.0,-0.023070865352961954,0.09752836806250181,1.257584043683877
303,661.392822265625,348.6053466796875,594.9287109375,403.37481689453125,333.0,384.0,0.006228706784882295,0.04680270283534826,1.3490742647676626
304,661.6725463867188,348.5624084472656,595.3123779296875,403.9775695800781,331.0,379.0,-0.028885733568919453,0.10315439093681905,1.2470699023603966
305,663.2969970703125,346.9140319824219,595.959228515625,403.5257263183594,329.0,374.0,-0.030885648054727936,0.09772611390500226,1.2442177037121938
306,663.3919677734375,346.03277587890625,596.3636474609375,402.18890380859375,328.0,372.0,-0.031336132337326614,0.09537851925343681,1.2410271889114832
